%YAML:1.0
---
K: !!opencv-matrix
   rows: 3
   cols: 3
   dt: d
   data: [ 1865, 0., 1865, 0.,
       2048, 1080, 0., 0., 1. ]
D: !!opencv-matrix
   rows: 1
   cols: 5
   dt: d
   data: [ 1.6856379456957832e-01, -4.6007939486883942e-01,
       -4.9929666683856079e-03, -1.1219985135720715e-03,
       1.6154459313911898e-01 ]
